26
0 2412 4468 2601 2179 4320 7931 1230 2518 1600 7324 1651 3573 7801 1117 1566 2575 5070 3504 1375 6418 7467 7306 4652 1371 2332
2412 0 6406 1243 4117 6258 9869 2046 4456 1600 9262 3589 5511 9739 3055 3504 4513 7008 5442 3313 8356 9405 9244 6590 3309 974
4468 6406 0 6595 4071 1298 4909 5224 2774 5594 4302 3683 2563 4779 4947 3012 2313 2048 2364 4497 3396 4445 4284 1630 4847 6326
2601 1243 6595 0 4306 6447 10058 2235 4645 1789 9451 3778 5700 9928 3244 3693 4702 7197 5631 3502 8545 9594 9433 6779 3498 957
2179 4117 4071 4306 0 3923 7534 2935 2121 3305 6927 1394 3176 7404 2658 1169 2178 4673 3107 2208 6021 7070 6909 4255 2558 4037
4320 6258 1298 6447 3923 0 4457 5076 2626 5446 3850 3535 2415 4327 4799 2864 2165 1596 2216 4349 2944 3993 3832 1178 4699 6178
7931 9869 4909 10058 7534 4457 0 8687 6237 9057 2559 7146 6026 1432 8410 6475 5776 3045 5827 7960 2837 912 1737 4073 8310 9789
1230 2046 5224 2235 2935 5076 8687 0 3274 1234 8080 2407 4329 8557 1873 2322 3331 5826 4260 2131 7174 8223 8062 5408 2127 1966
2518 4456 2774 4645 2121 2626 6237 3274 0 3644 5630 1733 1879 6107 2997 1062 881 3376 1810 2547 4724 5773 5612 2958 2897 4376
1600 1600 5594 1789 3305 5446 9057 1234 3644 0 8450 2777 4699 8927 2243 2692 3701 6196 4630 2501 7544 8593 8432 5778 2497 1520
7324 9262 4302 9451 6927 3850 2559 8080 5630 8450 0 6539 5419 2429 7803 5868 5169 2438 5220 7353 2230 2095 1934 3466 7703 9182
1651 3589 3683 3778 1394 3535 7146 2407 1733 2777 6539 0 2788 7016 2130 781 1790 4285 2719 1680 5633 6682 6521 3867 2030 3509
3573 5511 2563 5700 3176 2415 6026 4329 1879 4699 5419 2788 0 5896 4052 2117 1418 3165 1599 3602 4513 5562 5401 2747 3952 5431
7801 9739 4779 9928 7404 4327 1432 8557 6107 8927 2429 7016 5896 0 8280 6345 5646 2915 5697 7830 2707 968 1607 3943 8180 9659
1117 3055 4947 3244 2658 4799 8410 1873 2997 2243 7803 2130 4052 8280 0 2045 3054 5549 3983 1854 6897 7946 7785 5131 1850 2975
1566 3504 3012 3693 1169 2864 6475 2322 1062 2692 5868 781 2117 6345 2045 0 1119 3614 2048 1595 4962 6011 5850 3196 1945 3424
2575 4513 2313 4702 2178 2165 5776 3331 881 3701 5169 1790 1418 5646 3054 1119 0 2915 1349 2604 4263 5312 5151 2497 2954 4433
5070 7008 2048 7197 4673 1596 3045 5826 3376 6196 2438 4285 3165 2915 5549 3614 2915 0 2966 5099 1532 2581 2420 1212 5449 6928
3504 5442 2364 5631 3107 2216 5827 4260 1810 4630 5220 2719 1599 5697 3983 2048 1349 2966 0 3533 4314 5363 5202 2548 3883 5362
1375 3313 4497 3502 2208 4349 7960 2131 2547 2501 7353 1680 3602 7830 1854 1595 2604 5099 3533 0 6447 7496 7335 4681 1754 3233
6418 8356 3396 8545 6021 2944 2837 7174 4724 7544 2230 5633 4513 2707 6897 4962 4263 1532 4314 6447 0 2373 2212 2560 6797 8276
7467 9405 4445 9594 7070 3993 912 8223 5773 8593 2095 6682 5562 968 7946 6011 5312 2581 5363 7496 2373 0 1273 3609 7846 9325
7306 9244 4284 9433 6909 3832 1737 8062 5612 8432 1934 6521 5401 1607 7785 5850 5151 2420 5202 7335 2212 1273 0 3448 7685 9164
4652 6590 1630 6779 4255 1178 4073 5408 2958 5778 3466 3867 2747 3943 5131 3196 2497 1212 2548 4681 2560 3609 3448 0 5031 6510
1371 3309 4847 3498 2558 4699 8310 2127 2897 2497 7703 2030 3952 8180 1850 1945 2954 5449 3883 1754 6797 7846 7685 5031 0 3229
2332 974 6326 957 4037 6178 9789 1966 4376 1520 9182 3509 5431 9659 2975 3424 4433 6928 5362 3233 8276 9325 9164 6510 3229 0
